DFTB OPT
-2471969.003559922753
-2471969.791587607480
-2471968.557024518353
-2471968.854659567161
-2471968.519325032651
-2471969.544835380955
-2471973.110720534391
-2471973.146394421041
-2471966.028627605013
-2471965.819454382462
-2471967.534842477785
-2471974.051766916277
-2471972.620504228501
-2471964.076562567669
-2471966.511953862083
-2471965.049667756856
-2471963.695327632336
-2471964.443681060538
-2471970.877515149813
-2471964.059650572610
-2471964.245927874278
-2471970.304893734534
-2471973.835452641306
-2471966.926542155784
-2471970.589125191102
-2471967.099206277206
-2471962.774605011942
-2471962.739805245329
-2471969.204974624028
-2471970.285929157536
