DFTB OPT
-2472763.622247153204
-2472763.403803112687
-2472757.814786272639
-2472762.374560340851
-2472760.701562988514
-2472760.856424679606
-2472762.725604563176
-2472770.191818341778
-2472760.854825786674
-2472761.025914860506
-2472761.635241787231
-2472762.725838624033
-2472759.829803640372
-2472760.126504328279
-2472766.182347703751
-2472760.392621482544
-2472759.418645310865
-2472760.822842280453
-2472760.471349389193
-2472760.592895999966
-2472760.580880457634
-2472764.789626618755
-2472757.620584159810
-2472757.808766578802
-2472760.078352425164
-2472760.666102454924
-2472758.971525068077
