DFTB OPT
-2473861.824630459675
-2473861.503257372906
-2473863.931544637931
-2473862.626038518809
-2473863.473267912632
-2473861.038865572402
-2473860.980276312090
-2473861.842077092402
-2473867.441538819755
-2473858.830569785088
-2473866.936866589032
-2473868.515248134349
-2473863.431084247616
-2473854.549896659860
-2473855.273367473685
-2473864.811360574124
-2473857.362405175549
-2473868.279197446310
-2473864.641324460394
-2473858.155781119483
-2473858.143646350441
-2473864.064023710502
-2473858.418369790641
-2473859.554991902557
-2473858.986622488262
-2473865.071702763062
-2473856.692758318690
-2473858.473401074923
-2473860.912432549046
-2473865.995941943892
