DFTB OPT
-2467892.638906273433
-2467892.024699836724
-2467891.425346538045
-2467891.035711139729
-2467890.394899576438
-2467890.070973155548
-2467890.529185247420
-2467896.267908164616
-2467895.599081462020
-2467887.603394414488
-2467898.108968742387
-2467889.290851456712
-2467893.630302094952
-2467887.426219130865
-2467895.994715218867
-2467894.009450562860
-2467889.527114870302
-2467895.037593311419
-2467886.341632575265
-2467890.686110188104
-2467892.529207032580
-2467886.652009821827
-2467887.385471833950
-2467887.128691386096
-2467886.036747287471
-2467888.750103106070
-2467893.300460774228
-2467887.639731578151
-2467892.428130392896
-2467887.529399180717
