DFTB OPT
-2478837.513226369085
-2478836.097561045013
-2478843.505455392173
-2478837.548095789197
-2478843.142985485976
-2478838.138532812495
-2478839.608669055312
-2478832.815614301442
-2478837.606798628638
-2478839.554735911780
-2478830.247745189475
-2478837.179298709753
-2478834.221977432098
-2478840.653925229319
-2478837.558529381340
-2478833.836676238445
-2478839.494759229069
-2478832.696762214315
-2478829.725414227983
-2478834.071710361904
-2478837.887994196664
-2478833.069043851236
-2478832.155238890058
-2478833.916414434584
-2478841.039973786191
-2478833.517657565444
-2478838.425889891392
-2478836.855752559317
-2478833.385159040094
-2478839.126853839914
