DFTB OPT
-2476336.968903030234
-2476337.809735597311
-2476343.062564490609
-2476338.127309744594
-2476342.603002626878
-2476344.248444804007
-2476337.111328120455
-2476336.631537249091
-2476341.016007265518
-2476338.546599335723
-2476332.863666988699
-2476333.698432171255
-2476333.740363577653
-2476335.337977018802
-2476337.843097740805
-2476336.126030431398
-2476339.371233385474
-2476341.183114794745
-2476339.873064255445
-2476336.930345112220
-2476334.560336490552
-2476341.849590848627
-2476332.368643963869
-2476330.571080427451
-2476333.083455153494
-2476330.817953135704
-2476332.587221036294
