DFTB OPT
-2474764.276504281885
-2474763.752702439297
-2474766.669245672096
-2474764.650828460601
-2474763.606945276286
-2474765.604608255115
-2474763.721560422645
-2474770.330827203050
-2474757.131461532154
-2474769.868824956818
-2474760.521820495619
-2474763.133853691006
-2474770.088470049561
-2474761.780424082045
-2474763.599765318308
-2474761.455720177504
-2474766.720955551241
-2474762.295963513630
-2474756.302057786494
-2474759.491219794307
-2474767.265612655444
-2474763.539559594812
-2474766.211622811175
-2474760.588340842182
-2474765.769850200085
-2474767.064702471405
-2474759.517867591501
-2474761.158630434017
-2474766.834273636497
-2474757.822142490693
