DFTB OPT
-2471968.489614991537
-2471968.037872517455
-2471969.149216056815
-2471967.321374583638
-2471969.445555299538
-2471965.330486819482
-2471968.831008125442
-2471968.720467395020
-2471972.626209540329
-2471966.312180096843
-2471964.623483724344
-2471963.164481373714
-2471964.669465073828
-2471964.128774454014
-2471969.427269687278
-2471965.716005758758
-2471961.968928009081
-2471970.854232683386
-2471970.573736787895
-2471965.568736299057
-2471962.540278091126
-2471970.499581539329
-2471962.991701790636
-2471964.508546038359
