DFTB OPT
-2472901.979128128723
-2472901.151207814339
-2472901.592498498517
-2472900.996019818567
-2472900.732245782908
-2472901.058672199654
-2472899.720463448997
-2472898.870717744084
-2472904.183928063398
-2472899.584044874924
-2472897.431328187249
-2472901.055934377887
-2472901.329202624716
-2472902.237515627126
-2472900.936281589276
-2472895.851814615696
-2472906.055240850059
-2472891.759571148006
-2472902.818199905546
-2472900.370812521579
-2472899.675613498240
-2472897.805088235374
-2472892.027536316276
-2472903.462379309640
-2472896.502819435183
-2472900.732712649604
-2472899.510376573342
-2472896.639495915455
-2472902.542028174574
-2472894.339784617021
