DFTB OPT
-2477472.747100054949
-2477476.050235267414
-2477468.484252577884
-2477471.562556335721
-2477472.554330545167
-2477470.453389625082
-2477469.938030916089
-2477469.942138590003
-2477470.414017200386
-2477474.876357946168
-2477471.172885796901
-2477471.928097898473
-2477469.827702283709
-2477470.008904920094
-2477465.408341511864
-2477468.078317005784
-2477469.202016197354
-2477475.345096501515
-2477470.870324802443
-2477468.810278643888
-2477476.104845493157
-2477472.514119140938
-2477469.625975082952
-2477468.457594740546
-2477474.508008908150
-2477477.751751021274
-2477468.031400040381
-2477469.544822481527
-2477470.017214394272
-2477468.209807124171
