DFTB OPT
-2471462.079329293116
-2471464.473815785856
-2471461.275184667233
-2471461.178114045005
-2471463.790679368024
-2471460.288509595921
-2471459.420729909857
-2471460.341077279869
-2471462.809912921456
-2471462.538272432973
-2471459.931633932459
-2471459.441770914136
-2471461.073670819536
-2471461.563281579241
-2471459.682399280330
-2471462.719749290791
-2471459.991918094580
-2471460.296623287291
-2471460.578077389025
-2471464.841339649539
-2471462.051911542379
-2471459.666178800189
-2471459.769912940488
-2471459.815156339388
-2471465.770707461426
-2471464.724146068699
-2471465.369093543809
-2471463.392822974299
-2471467.005842211252
-2471459.570788647063
