DFTB OPT
-2472265.549529838222
-2472265.069701316318
-2472267.530432051661
-2472265.730804010633
-2472264.460804860767
-2472264.755335622552
-2472266.528615815688
-2472263.999520484831
-2472270.968538802445
-2472258.454994660392
-2472264.999461096403
-2472261.419987235572
-2472270.519657141894
-2472262.335763830028
-2472267.450405828891
-2472262.322175750142
-2472260.799762360044
-2472262.286289137941
-2472266.469421636700
-2472260.859467958867
-2472266.160502721054
-2472261.708402922152
-2472262.564113727619
-2472262.993080135037
-2472258.642436618764
-2472267.775985735996
-2472258.575704174159
-2472260.974130168401
-2472264.185465206729
-2472261.336168975915
