DFTB OPT
-2474469.344514497303
-2474468.855308480903
-2474468.360054532761
-2474467.857751776022
-2474468.938320391495
-2474469.349854598893
-2474473.545381655420
-2474462.041131146584
-2474461.790633318838
-2474473.245305596602
-2474464.801690702199
-2474464.977457855626
-2474466.031706233603
-2474464.518713008613
-2474464.779416642735
-2474464.451385685476
-2474473.639773441727
-2474465.732553240524
-2474472.553840251813
-2474466.229881733420
-2474465.692910359449
-2474470.470221090164
-2474461.855880449640
-2474472.939467750146
-2474467.742283217423
-2474463.047572751396
-2474462.813574017787
-2474468.911414688102
-2474470.012083671863
-2474460.050115998101
