DFTB OPT
-2477934.739352578615
-2477935.927175032368
-2477941.565878035036
-2477940.658661290849
-2477942.223960528534
-2477931.881024610764
-2477931.642477064414
-2477935.295908508476
-2477931.797813152310
-2477932.631675976924
-2477934.502971820842
-2477940.562338031840
-2477930.432549351118
-2477939.233738954009
-2477940.404919869082
-2477935.077666525857
-2477942.140494928935
-2477928.240102558617
-2477937.443538608197
-2477937.384613630570
-2477938.928147091081
-2477930.376015810290
-2477938.303448076383
-2477931.678730141871
-2477934.995137169686
-2477933.438621175474
-2477932.452647031715
-2477937.959410619552
-2477934.713012888340
-2477934.661100951297
