DFTB OPT
-2474468.711568759327
-2474467.668360774696
-2474467.460158308568
-2474467.721643191395
-2474468.733667743780
-2474467.793763428274
-2474463.989256682426
-2474466.755820871662
-2474461.449215712082
-2474466.292007634456
-2474460.039192321429
-2474472.512811203357
-2474465.416374673257
-2474473.163663538157
-2474464.462827684582
-2474463.462930371131
-2474462.967073386840
-2474465.318965196169
-2474469.054220048777
-2474464.703526959293
-2474465.427504172881
-2474462.287426546557
-2474465.363472527012
-2474468.597599947238
-2474465.521252762463
-2474464.692207951951
-2474471.425294808236
-2474464.509925372577
-2474464.066066921571
-2474463.894632717789
