DFTB OPT
-2479498.522644608780
-2479498.200065449713
-2479498.048803150245
-2479497.645434717464
-2479499.578939293606
-2479499.341321715594
-2479499.062091505756
-2479498.637234027270
-2479501.957735551310
-2479497.650495577549
-2479497.550732941711
-2479499.592221149100
-2479500.185422349543
-2479495.140575039205
-2479502.737348340347
-2479501.756006468026
-2479503.459105427093
-2479494.348488626266
-2479501.918977457925
-2479494.970227053502
-2479493.906699072433
-2479494.533761286025
-2479497.359304418662
-2479500.294397445010
-2479497.771151125542
-2479495.652397734983
-2479497.395504157854
-2479503.984745871051
-2479497.069710270180
-2479504.268502930815
