DFTB OPT
-2469258.165296764100
-2469258.922474223860
-2469261.425615782477
-2469261.104076405823
-2469258.305932826162
-2469263.247766376533
-2469256.291252430762
-2469259.710119755606
-2469260.707259167002
-2469260.865351274426
-2469257.561908582551
-2469262.802735738715
-2469256.613398608619
-2469257.094866184031
-2469257.740820811086
-2469256.277528181423
-2469260.053436832105
-2469253.644317184795
-2469258.415890600723
-2469257.388130632654
-2469260.220155305752
-2469264.300252709238
-2469259.084947599122
-2469263.798814659901
-2469257.389470364369
-2469266.697090478201
-2469256.472199670984
-2469256.705129756766
-2469258.556096819120
-2469259.309717557868
