DFTB OPT
-2471756.961071294523
-2471757.842688809055
-2471760.179435688669
-2471760.092420270657
-2471758.760625289489
-2471759.068806882060
-2471762.587908102001
-2471758.864968741027
-2471757.177838630992
-2471758.877783729825
-2471757.900840068085
-2471761.876361214194
-2471759.998239954883
-2471755.964656656022
-2471759.593509827572
-2471763.688809891601
-2471756.326142628107
-2471755.339990899301
-2471754.701781615833
-2471766.061119588772
-2471758.503565600130
-2471758.369107991682
-2471758.615233964225
-2471757.700047228229
-2471762.882927693297
-2471757.743247457825
-2471765.168389517359
-2471756.163518650685
-2471758.384384070778
-2471762.475326084802
