DFTB OPT
-2472263.956206048597
-2472263.844090270585
-2472266.362504770753
-2472262.959290030405
-2472266.185525269938
-2472263.088963510237
-2472264.815403294068
-2472264.067484729603
-2472270.045173741652
-2472269.711123718065
-2472267.172118765080
-2472261.239607890995
-2472261.590958337712
-2472265.541315745412
-2472265.339517636138
-2472270.914642681944
-2472265.396193621509
-2472270.601667548122
-2472260.100131240638
-2472267.047575171323
-2472261.918291504963
-2472266.745376877067
-2472266.236119438081
-2472258.723838968771
-2472258.533908937214
-2472259.852380647294
-2472267.373010123849
-2472266.080528581531
-2472267.755136121962
-2472266.314430051245
