DFTB OPT
-2473566.139796792487
-2473565.576582364627
-2473566.983361533750
-2473565.400604995685
-2473565.351934770136
-2473566.022362875700
-2473563.243714118142
-2473562.583057582726
-2473570.563583385309
-2473562.026310262620
-2473559.631584688951
-2473559.884423752776
-2473562.175770356240
-2473559.867181060474
-2473562.092609726015
-2473563.625154876427
-2473563.064938686569
-2473562.688834892329
-2473565.125857710143
-2473559.029665505971
-2473569.436466779725
-2473563.789842730950
-2473566.501863837906
-2473568.219391111410
-2473561.358360817606
