DFTB OPT
-2468883.340556001327
-2468883.691342317453
-2468884.768685536666
-2468878.946153144939
-2468881.458214743991
-2468883.668605156347
-2468883.713042206182
-2468883.100808030260
-2468882.562207015416
-2468882.939637991191
-2468875.746806038547
-2468878.803306996179
-2468880.467541812840
-2468879.491168556781
-2468878.239585541047
-2468884.967873208500
-2468879.470887465901
-2468883.579149355834
-2468876.769035769799
-2468876.004876644905
-2468878.270009059894
-2468878.378965330091
-2468882.466885888280
-2468875.199407347523
-2468883.990534216090
-2468880.399132036678
-2468880.434088680541
-2468877.525738205246
-2468878.411177877097
-2468885.689000276210
