DFTB OPT
-2471389.465493834716
-2471389.823788923536
-2471390.952907910339
-2471385.340584131013
-2471389.975522482263
-2471389.654580494177
-2471394.081699159789
-2471388.698551079898
-2471389.227018451901
-2471390.338448587503
-2471390.004066611655
-2471387.592140388787
-2471392.097464873560
-2471394.735309396644
-2471390.765571373479
-2471384.935080285105
-2471389.131197827601
-2471389.130676995131
-2471382.905048509529
-2471391.963208695501
-2471388.577223469766
-2471386.520400824944
-2471381.649528502329
-2471394.651787948744
-2471385.682213208302
-2471390.028787328710
-2471395.530277958420
-2471385.721886209809
-2471388.634312983568
-2471391.961011786492
