DFTB OPT
-2483866.183061640382
-2483866.542682028210
-2483872.510480870910
-2483866.655462338253
-2483868.056080624014
-2483864.272190058852
-2483866.072589935950
-2483866.419848396478
-2483864.680205823287
-2483872.635017562068
-2483867.939926825587
-2483868.339776187896
-2483873.229575436969
-2483873.919478284348
-2483864.888667450632
-2483866.124023711135
-2483862.206431685870
-2483862.160926615717
-2483865.308757743245
-2483870.038662051537
-2483873.976874650051
-2483868.777346371213
-2483865.771050526144
-2483866.183204084925
-2483864.173021674037
-2483865.320549264864
-2483864.994739061956
-2483863.972861363253
-2483868.089368093937
-2483866.688462409054
