DFTB OPT
-2467255.234402470424
-2467255.204015347099
-2467254.449561903908
-2467257.023469534982
-2467255.204537434587
-2467256.857311426872
-2467257.309852092402
-2467250.307822408825
-2467247.535129339186
-2467252.742448142259
-2467252.450940091327
-2467254.438750551347
-2467255.472762391583
-2467253.364940835313
-2467252.231552277274
-2467251.907212327953
-2467252.758240661262
-2467253.571412004110
-2467257.338403751902
-2467256.434077314169
-2467258.822256713950
-2467252.579581946363
-2467257.472953604173
-2467253.498155975941
-2467251.844445112719
-2467259.056146260993
-2467253.176966749309
-2467250.001006275838
-2467252.039612961899
-2467252.027806380064
