DFTB OPT
-2474463.037168652176
-2474464.917297940287
-2474462.390265859022
-2474469.887056268667
-2474469.122151663081
-2474471.003140011013
-2474463.374058781497
-2474460.849595094569
-2474465.861614899081
-2474462.776152518572
-2474461.090541607826
-2474461.690939708990
-2474464.562875837015
-2474459.553144557826
-2474464.196528552707
-2474466.453352121027
-2474465.468717081474
-2474459.838217503963
-2474467.331043311746
-2474458.589536089845
-2474465.612230272301
-2474458.903528415756
-2474461.481425121543
-2474464.805133216573
-2474463.188704545568
-2474465.193283928595
-2474463.545183623342
-2474464.803566326600
-2474462.508169780050
-2474460.817812391228
