DFTB OPT
-2470094.897790943617
-2470093.455006563092
-2470095.260283440138
-2470095.434785535421
-2470095.526422557218
-2470094.556043894636
-2470093.755052501478
-2470091.361490957004
-2470100.325540480701
-2470091.288812864624
-2470099.297412164849
-2470101.312088795195
-2470093.671777037106
-2470098.848683616494
-2470095.568437422313
-2470092.785841005636
-2470090.958623276405
-2470090.109076491845
-2470100.689991432811
-2470090.933284462985
-2470092.856009062016
-2470101.009598081745
-2470090.325122192964
-2470094.836015820112
-2470090.276763211879
-2470095.233274825269
-2470089.856338456969
-2470089.933397817187
-2470093.134510106396
-2470097.790122996669
