DFTB OPT
-2469765.278676176589
-2469765.030432361171
-2469767.209707112253
-2469766.178189620292
-2469766.959492291066
-2469764.388239023062
-2469764.255147501707
-2469765.529812180988
-2469768.029147897520
-2469770.656007248050
-2469762.083837094853
-2469770.250736835490
-2469763.237859403830
-2469771.441254440398
-2469763.929794125351
-2469765.988540712767
-2469761.616154009644
-2469759.924037713095
-2469760.223010611091
-2469763.422610603610
-2469768.884379286111
-2469765.097053736683
-2469762.842774717358
-2469768.168323746139
-2469767.846636277361
-2469761.885278814546
-2469759.811195279661
-2469766.639659738892
-2469763.474109012222
-2469767.008751120057
