DFTB OPT
-2470094.035156203844
-2470095.016528824106
-2470092.908326997382
-2470093.062992905666
-2470092.136676042537
-2470090.951103208549
-2470093.464843394176
-2470090.327552535321
-2470098.596099948832
-2470098.106066248061
-2470092.414097771437
-2470089.314266689846
-2470099.968897623078
-2470091.714354955429
-2470089.633324895914
-2470100.511550463535
-2470095.347985980505
-2470095.695982391617
-2470089.362148136582
-2470096.464248562916
-2470098.660008602937
-2470096.767430163775
-2470098.233339505968
-2470094.276969934539
-2470087.055278842985
-2470088.431295010892
-2470094.575424510101
-2470089.078724284097
-2470096.432740081008
-2470087.552633691259
