DFTB OPT
-2470395.861272361908
-2470394.947358214164
-2470395.303907572946
-2470394.848325998802
-2470393.162201785694
-2470394.685894039134
-2470393.568904801301
-2470392.394123867095
-2470394.904986923957
-2470391.241947062087
-2470396.201997198728
-2470393.374629269919
-2470395.104748139017
-2470389.876689535985
-2470394.510560494426
-2470396.437872184247
-2470396.317878658249
-2470390.365278083529
-2470390.817803061334
-2470384.589169435131
-2470394.357158389268
-2470396.770819674521
-2470395.039088734802
-2470395.429169036999
-2470391.268796917179
-2470396.121192864798
-2470391.219811054603
-2470390.841785200296
-2470390.837238897591
-2470390.401837385378
