DFTB OPT
-2470883.856581054925
-2470883.729037340639
-2470885.822793910183
-2470884.639145018789
-2470884.990533743555
-2470885.503543058852
-2470884.260863768319
-2470885.392814075730
-2470881.223863280371
-2470888.306232941218
-2470881.026353567603
-2470881.199766307262
-2470888.028713320914
-2470882.677511096704
-2470882.276165752939
-2470883.690040166325
-2470882.119796157720
-2470889.394585178327
-2470879.734539067352
-2470888.328294275131
-2470879.044089032125
-2470887.195690103342
-2470881.587964082459
-2470884.797306779712
-2470881.915598454030
-2470880.447792779639
-2470884.640313440547
-2470884.512490484756
-2470879.384605535957
-2470878.516737371124
