DFTB OPT
-2475269.779192965665
-2475269.193739618845
-2475268.740008568742
-2475269.440688255687
-2475268.186916488561
-2475274.446201419378
-2475267.169826683528
-2475263.772500487636
-2475266.846586129975
-2475272.720674661142
-2475266.426330174986
-2475268.935074761464
-2475270.998487505804
-2475270.180928620028
-2475266.782360583825
-2475268.862399806629
-2475270.879357432190
-2475270.987102610017
-2475267.685829844264
-2475273.058677991429
-2475265.925776913339
-2475271.101759799479
-2475267.005150751676
-2475268.506617263845
-2475274.558327237534
-2475265.576495991304
-2475266.047176059497
-2475274.657909778289
-2475268.217326202210
-2475267.009831968816
