DFTB OPT
-2470391.683219548504
-2470389.839962689233
-2470388.863878087314
-2470389.072432585991
-2470388.780971598234
-2470390.068291879027
-2470395.658982285578
-2470394.943576844930
-2470386.629291555427
-2470396.774045070781
-2470388.381560237207
-2470391.869444766925
-2470391.168338373860
-2470397.517852196278
-2470396.001904658916
-2470388.150689008454
-2470394.327164714086
-2470386.182064636109
-2470393.581414820725
-2470395.505848126763
-2470392.567601240181
-2470391.999911418133
-2470386.743483133211
-2470385.168133083873
-2470391.505850364600
-2470385.800513436240
-2470385.432491957920
-2470388.048432024341
-2470384.274425353438
-2470386.794803956776
