DFTB OPT
-2473592.438983871573
-2473591.553303236266
-2473592.791787001625
-2473593.908088489594
-2473592.296745779034
-2473588.128517246534
-2473591.994024142272
-2473590.485114745854
-2473592.703533508356
-2473594.318696493708
-2473584.627293758003
-2473591.576586330202
-2473593.354885967829
-2473589.674652359359
-2473587.817081392289
-2473586.969237667155
-2473591.451075117567
-2473588.470675313910
-2473588.681515827874
-2473588.207388852744
-2473589.428019359544
-2473589.539845855907
-2473584.791196598767
-2473591.530574860286
-2473593.693199915071
-2473584.380451170182
-2473586.502926944129
-2473587.391191661498
-2473592.339192997830
-2473588.401061975486
