DFTB OPT
-2471363.069519767470
-2471362.800945915470
-2471363.993034175405
-2471364.092336219637
-2471362.422234193826
-2471361.921410475800
-2471368.434031457570
-2471367.855215900952
-2471359.886895148419
-2471356.714220312072
-2471369.269441719378
-2471359.135714792172
-2471365.437047846061
-2471359.458157154277
-2471360.280581744839
-2471363.535556896572
-2471360.510211760790
-2471358.347411630994
-2471359.684450704875
-2471358.552009685426
-2471364.119310321511
-2471357.149152447553
-2471364.841991101505
-2471365.656013974066
-2471356.607526211820
-2471365.622912246807
-2471362.367278210624
-2471364.985108961662
-2471360.981040548616
-2471355.425515746425
