DFTB OPT
-2473566.687142145246
-2473566.471711402947
-2473566.614316588251
-2473566.250061418949
-2473567.592467577307
-2473567.350089716021
-2473570.401895023806
-2473563.734544127834
-2473570.770214568901
-2473563.489065117070
-2473572.022600168646
-2473560.838824781200
-2473559.900407662024
-2473562.817052551281
-2473571.534703763529
-2473563.928377892880
-2473564.001924457716
-2473563.416589710097
-2473570.541781840122
-2473563.279298271005
-2473562.990563809853
-2473562.804962962887
-2473571.942418323644
-2473562.601735388111
-2473560.492315566418
-2473563.420706169137
-2473564.319794161738
-2473565.232896312836
-2473560.181093065233
-2473564.588586386870
