DFTB OPT
-2471965.040221863879
-2471964.338514944701
-2471965.966664228808
-2471966.119290105333
-2471964.269109939265
-2471966.147410038641
-2471963.474963414279
-2471964.480776882582
-2471964.238092169395
-2471967.601026479524
-2471962.629932811992
-2471964.249620764743
-2471965.232155531673
-2471959.352330313228
-2471963.583504273518
-2471963.583805477838
-2471959.871292178899
-2471965.717806709588
-2471962.223360945766
-2471960.903069459586
-2471966.039585167171
-2471963.827882005987
-2471963.097763361816
-2471961.129605228658
-2471960.870728900744
-2471961.360251181680
-2471960.770479317922
-2471965.505040370503
-2471962.493444584420
-2471956.307220526473
